1
2
3
1
2
3
4
8
2
2
1
9
3
6
1
5
5
16
1
13
19
21
12
6
13
7
4
14
23
8
9
25
11
20
11
35
1
19
25
4
38
6
32
5
43
34
8
6
2
43
32
5
17
37
13
11
24
45
26
14
27
10
40
25
39
46
51
33
52
65
59
14
22
69
37
72
63
63
49
24
12
28
64
43
12
15
60
14
79
69
64
65
40
58
77
32
89
12
41
87
37
49
31
28
52
16
74
19
65
100
36
83
30
78
76
16
82
28
99
70
44
42
4
50
29
79
58
37
68
54
104
95
72
28
70
51
108
103
134
57
9
120
60
32
75
22
38
140
114
25
122
33
16
22
71
83
12
59
72
147
42
97
141
81
12
74
116
52
162
124
150
121
160
20
103
74
23
33
62
134
93
85
149
132
16
106
105
62
127
142
57
51
87
121
117
21
192
156
172
10
80
191
22
27
188
39
89
172
69
112
94
107
121
24
143
126
2
98
176
95
18
204
30
46
150
205
156
131
24
163
149
107
127
142
140
106
151
49
12
238
31
166
95
84
226
25
204
222
212
157
141
164
104
125
39
114
246
102
33
8
105
49
45
152
246
173
114
168
124
183
69
43
105
216
163
193
182
22
235
118
193
20
67
92
37
201
105
46
149
66
45
143
36
242
57
241
242
134
298
161
270
257
159
177
257
125
187
26
75
139
29
244
89
201
50
44
268
252
87
287
187
41
40
237
199
247
126
3
99
276
270
242
136
145
243
272
263
116
23
103
264
258
74
176
41
102
43
143
271
315
214
65
241
46
78
269
162
182
97
304
329
163
54
323
79
168
198
231
42
29
316
294
2
40
193
175
6
245
366
186
267
307
239
211
136
249
14
177
79
52
333
105
379
237
204
285
18
56
12
258
217
15
101
73
281
326
210
57
318
65
42
136
352
313
111
111
346
308
13
164
233
229
419
197
65
171
243
297
341
409
57
210
239
325
426
395
72
287
343
148
178
347
368
202
266
116
420
328
187
234
168
413
252
107
216
299
244
171
133
291
381
72
246
89
236
407
172
232
186
132
394
176
223
207
22
473
186
133
42
279
82
121
344
419
419
54
244
308
337
17
401
134
340
314
143
253
158
425
490
